function A = cwA(n)
A = [ 0 0 0 1 0 0;
      0 0 0 0 1 0;
      0 0 0 0 0 1;
      3*n^2 0 0 0 2*n 0;
      0 0 0 -2*n 0 0;
      0 0 -n^2 0 0 0 ];
end
